10
45 1
0 1 1 1 0 1 0 0 0 1 0 1 1 1 0 0 0 1 1 0 1 0 1 1 1 0 0 0 1 0 1 1 1 0 0 1 0 0 0 0 1 0 1 0 1
1 0 1 0 1 0 0 1 1 1 0 1 0 0 0 0 0 1 0 0 1 1 0 1 1 1 1 0 0 1 1 0 0 1 0 1 1 0 1 0 0 1 0 0 0
0 0 0 0 0 0 1 0 1 1 1 0 0 1 0 1 1 0 1 0 1 1 1 1 0 1 1 1 1 1 1 0 0 1 0 0 0 1 0 1 0 0 1 0 1
1 0 0 0 1 0 1 0 1 0 0 1 0 0 0 1 1 0 1 1 0 0 1 0 0 0 0 0 1 1 0 0 1 0 0 0 1 1 1 0 0 1 1 0 1
47 1
29 2 9 32 21 5 25 61 45 55 11 52 10 54 40 18 13 14 53 46 11 54 37 58 52 36 35 32 36 21 34 1 24 43 33 45 48 58 42 29 49 53 17 59 44 57 13
57 8 2 39 19 57 12 13 45 49 49 14 21 6 48 22 30 27 55 11 11 49 53 40 34 43 58 29 23 51 42 16 59 45 56 15 38 4 28 19 53 13 33 10 20 17 32
50 44 23 62 55 8 51 32 42 30 26 7 53 13 50 6 9 31 62 24 5 2 52 24 56 2 58 2 22 11 35 8 56 58 6 47 3 58 15 45 24 41 53 14 55 39 20
0 6 18 24 11 20 12 35 12 14 29 15 36 41 50 45 33 44 51 16 47 45 32 29 6 9 18 20 0 57 40 0 63 58 24 10 14 37 45 27 51 11 42 24 52 28 5
50 922913024
304173560 450254948 882258424 287231588 779735044 684352725 374124778 699107982 596275879 897115008 924603022 403791007 273962534 330600847 885773150 173999585 469126247 347505385 908361008 849342476 523042901 163099274 387642560 316550559 390669940 185433880 953286420 281616401 281462045 970914922 204529433 485635605 421169870 986787857 325383547 753421268 323656935 252024679 105045603 819932814 149139686 582164980 223723820 875618575 812765827 662013324 602134514 834408428 909518709 510495522
336267258 985077964 226111150 623909818 854144878 516781091 361860052 459947651 698397492 543322097 430862573 455443279 581474056 404548797 442231135 806857604 710486419 318404424 611398637 715532023 138337237 313054678 297697002 814577412 188673252 662979183 129107089 343324121 149903964 938625798 753819643 386171222 576220116 879930793 910081040 430364993 949228238 271941091 790312644 300142084 367779542 773691571 655585363 849253599 178240367 650332853 308627556 441243141 868737277 820026193
156775163 907074515 133080870 906988520 374168280 774270478 222484056 403275370 117594598 272388020 341901167 423930595 558559243 470637637 856377742 121156636 801002630 805605980 845614083 243831628 105748063 213393624 917523199 313849780 615163577 648279921 864182633 476307487 989523062 732919910 296333680 698814579 292510778 881930905 258319452 566679058 308717736 380803508 869954428 878828689 205707882 764371950 302759283 316783479 235009586 711653380 337940116 588528571 169775713 183554198
384876553 175523776 849464177 302399751 389373556 117144108 503196026 806072544 493451595 145235441 191508807 342301629 396566374 384019585 776748889 554885826 503214997 985466625 488205688 373169425 516811668 246429925 690057729 372087305 463213404 477583669 983740685 701153520 618628594 153516397 437224072 903505147 781556528 839204604 758421253 723446439 856348712 261617278 529518982 902316661 859369075 621027789 244618290 255935448 557563728 573883533 363337629 960778725 211866511 751543317
47 604
268 311 635 823 407 670 846 526 571 722 1001 774 951 179 188 916 136 898 877 11 465 446 963 93 854 717 219 916 512 675 497 781 987 107 581 369 780 404 897 326 101 873 77 29 29 266 945
168 141 800 179 607 223 119 700 53 836 921 971 324 572 445 82 534 553 665 905 308 46 779 636 150 630 713 179 659 981 102 827 98 902 1009 707 100 105 384 155 942 281 103 243 855 549 327
366 79 994 246 389 15 0 0 165 632 713 347 269 672 449 73 772 328 57 454 430 163 838 588 82 94 693 327 951 217 654 292 298 623 538 687 640 541 687 808 150 378 130 419 27 581 493
799 909 552 228 316 717 41 904 799 138 573 101 64 792 757 359 66 357 897 753 998 415 418 781 568 798 913 987 825 469 455 599 353 1008 827 669 702 870 551 477 1010 99 580 52 891 315 411
48 0
0 0 0 0 0 0 0 0 0 0 0 0 0 0 0 0 0 0 0 0 0 0 0 0 0 0 0 0 0 0 0 0 0 0 0 0 0 0 0 0 0 0 0 0 0 0 0 0
0 0 0 0 0 0 0 0 0 0 0 0 0 0 0 0 0 0 0 0 0 0 0 0 0 0 0 0 0 0 0 0 0 0 0 0 0 0 0 0 0 0 0 0 0 0 0 0
0 0 0 0 0 0 0 0 0 0 0 0 0 0 0 0 0 0 0 0 0 0 0 0 0 0 0 0 0 0 0 0 0 0 0 0 0 0 0 0 0 0 0 0 0 0 0 0
0 0 0 0 0 0 0 0 0 0 0 0 0 0 0 0 0 0 0 0 0 0 0 0 0 0 0 0 0 0 0 0 0 0 0 0 0 0 0 0 0 0 0 0 0 0 0 0
49 1
0 1 0 1 0 0 1 0 1 0 0 0 1 0 0 1 0 1 1 1 0 0 1 0 1 1 1 1 1 1 0 1 1 0 0 1 0 1 0 0 1 0 0 0 1 0 1 1 1
0 0 0 0 1 0 1 0 1 0 1 0 1 0 1 1 0 1 0 1 1 0 0 1 0 0 0 0 1 1 1 0 1 1 0 0 1 0 1 0 0 0 1 1 1 0 1 1 1
1 1 0 1 1 0 1 0 0 1 1 0 0 1 1 0 0 0 1 0 1 0 0 1 1 0 0 1 1 0 1 0 1 1 1 0 1 0 0 0 1 0 0 1 1 1 1 1 1
1 1 0 1 0 0 0 0 0 1 1 0 0 1 1 0 0 0 1 0 0 1 1 0 1 0 0 1 0 1 0 1 1 1 0 1 1 0 1 1 1 0 0 0 1 1 0 1 1
50 33
14 19 62 24 38 36 30 41 62 52 60 15 21 29 31 2 52 55 61 7 55 7 25 33 32 63 3 55 28 60 24 42 15 22 3 54 58 33 31 57 21 27 8 42 56 40 44 44 31 41
52 22 48 13 55 16 12 58 7 41 55 31 19 6 53 22 60 48 56 28 41 13 55 49 56 48 25 36 28 57 14 16 15 62 30 7 15 42 1 22 19 56 54 39 63 43 61 59 27 53
23 4 3 15 54 59 63 15 31 27 8 45 44 24 44 10 31 59 52 32 17 8 25 7 47 24 51 44 19 14 34 43 19 37 58 9 32 57 24 63 20 33 45 0 57 25 10 24 20 63
56 37 7 17 45 54 41 32 34 61 46 4 40 1 41 34 10 9 27 35 9 47 4 54 48 61 15 58 21 35 57 13 8 0 31 53 54 8 21 25 5 4 29 45 5 7 15 16 16 42
50 970828101
294029273 568199478 166450509 115569866 464197492 228852765 590194820 873513160 927667008 829319358 762285526 199606602 161240637 245415796 355343421 426810227 852635581 663868116 142681612 968863170 104577048 965596203 657739568 124726622 625011249 266809022 840398830 582533955 492022890 126740257 505878428 338568517 594939735 224845292 354138383 959137227 353698057 844333203 485166740 833881420 673652560 247452266 933488022 387409552 945384417 841347797 366736133 450536351 157732266 409417745
419399521 162309314 927530302 629655443 187035937 205057905 448980819 927434767 687591860 493520063 954175025 193470287 732088580 201631113 318315579 986226963 713284695 224529991 830560166 198451434 958411411 156729079 898420055 891899432 444138631 496320826 385763582 710874764 846857177 443495849 672808863 818773052 505805163 252855519 100944848 245357454 357913424 449925668 172792221 945505284 843445731 679483600 138975570 228050665 433631067 909807505 214277627 146915761 134337495 597354147
797883551 992748906 654083227 348819959 537164691 650738212 745140785 822928273 361612976 591997962 266424121 586938193 410771013 324745639 739793712 411715862 470103093 997707136 414157884 195411668 595728773 810119969 427411622 287220698 938170634 761042690 197028202 152448261 807958451 231365697 302318762 258358355 776630957 856401989 507178315 866312002 159656555 252319099 341756628 421269531 396833415 160697104 560724078 360120783 385442743 853034145 324352999 408062190 503257634 638510883
503473859 998986408 101147205 830885481 286207105 939317840 244444524 383235307 644282455 952402976 167117358 846601217 210761330 496264669 355519560 270455999 362576670 415176115 422775099 256849652 388962000 719608514 317546756 849686078 979729297 602989499 355236576 304082295 911051690 758494211 495109532 967041903 757480618 496256738 450443737 596204077 435574577 594888262 531955738 632373386 199807591 251589450 478974602 310568921 647854119 734494162 133541275 562947143 149670276 456316374
45 528
417 328 360 693 580 661 942 298 24 426 851 318 142 164 872 548 1003 85 209 244 235 314 919 857 803 94 376 158 619 975 689 12 280 26 707 860 689 624 134 714 25 987 9 169 128
882 717 106 967 926 350 180 216 245 12 1021 339 391 156 961 341 847 975 621 873 657 458 538 256 594 229 284 559 238 453 687 97 146 796 42 49 121 222 267 368 234 263 710 627 422
646 968 244 596 566 93 230 2 633 486 596 862 770 130 77 199 820 175 347 591 219 396 714 441 664 58 677 929 768 280 328 389 225 573 987 794 668 192 796 276 680 367 115 426 500
194 627 295 371 976 886 590 347 577 8 1013 635 686 920 378 968 223 769 168 798 733 962 441 927 735 717 583 78 834 1009 580 4 613 875 377 564 738 968 913 290 976 904 928 639 799
47 0
0 0 0 0 0 0 0 0 0 0 0 0 0 0 0 0 0 0 0 0 0 0 0 0 0 0 0 0 0 0 0 0 0 0 0 0 0 0 0 0 0 0 0 0 0 0 0
0 0 0 0 0 0 0 0 0 0 0 0 0 0 0 0 0 0 0 0 0 0 0 0 0 0 0 0 0 0 0 0 0 0 0 0 0 0 0 0 0 0 0 0 0 0 0
0 0 0 0 0 0 0 0 0 0 0 0 0 0 0 0 0 0 0 0 0 0 0 0 0 0 0 0 0 0 0 0 0 0 0 0 0 0 0 0 0 0 0 0 0 0 0
0 0 0 0 0 0 0 0 0 0 0 0 0 0 0 0 0 0 0 0 0 0 0 0 0 0 0 0 0 0 0 0 0 0 0 0 0 0 0 0 0 0 0 0 0 0 0
