50
9 581 1301 10 40 50
5 2187 3341 71 21 8
9 2498 5117 37 20 43
5 5666 1454 98 2 0
5 9216 8704 1 98 1
2 6383 2530 22 33 45
9 6070 3278 63 26 11
7 3125 4960 30 15 55
1 9216 8704 98 1 1
10 9216 8704 1 98 1
7 4203 572 68 19 13
9 4182 618 38 17 45
5 3152 3114 78 19 3
1 8191 0 10 30 60
8 6757 1444 20 34 46
6 9648 7457 0 10 90
5 9216 8704 98 1 1
8 6871 4184 14 32 54
8 6494 8670 51 1 48
9 7757 2234 47 28 25
5 0 8191 10 80 10
4 8114 2465 22 33 45
8 8266 5746 22 73 5
9 1441 3935 81 7 12
8 7504 2038 55 14 31
10 0 8191 10 80 10
8 8282 56 83 4 13
9 618 7513 52 43 5
8 9046 2561 2 37 61
1 9216 8704 1 98 1
10 9216 8704 1 1 98
1 0 8191 10 80 10
8 4431 8972 71 18 11
8 5542 9174 54 7 39
9 4650 7908 49 3 48
9 2761 3947 79 3 18
10 9216 8704 33 33 34
6 6545 4788 36 59 5
5 9216 8704 1 1 98
6 210 9494 32 50 18
8 5598 9270 22 42 36
7 5369 8110 49 20 31
10 8191 0 10 30 60
8 2497 3877 32 60 8
1 9216 8704 1 1 98
5 8191 0 10 30 60
10 9216 8704 98 1 1
1 5771 1022 22 33 45
3 4914 9328 22 33 45
5 7035 6124 10 88 2
