10
100 20
22 45 12 35 84 37 17 56 98 24 34 70 2 15 47 94 50 65 3 83 33 50 91 74 15 61 52 47 60 7 72 33 51 84 19 86 72 35 42 69 10 27 39 11 93 37 56 42 2 58 77 86 7 19 11 73 80 62 71 39 68 43 23 71 26 41 56 97 75 49 17 85 27 7 47 20 44 3 13 97 12 89 34 71 8 44 95 39 57 66 29 76 60 51 46 37 91 2 33 17
2 5050
53 5022
8 4951
100 5048
54 5039
51 5034
53 4967
87 5039
79 4969
50 4964
99 4973
62 4993
80 5043
94 4981
61 4973
86 4989
78 5012
90 5014
90 4962
39 4956
22 10
89 11 57 24 50 68 54 83 69 40 81 98 54 38 77 61 83 98 73 60 83 34
5 253
18 242
4 240
16 250
14 239
21 248
22 232
19 232
22 233
11 236
19 20
78 23 88 90 5 85 14 16 20 100 4 44 75 81 58 42 97 17 62
19 190
19 174
6 189
12 190
4 174
6 190
11 186
6 173
10 173
12 172
5 187
4 177
18 190
13 183
2 177
2 174
14 190
15 174
18 184
17 188
921 20
80 36 97 49 80 13 23 61 42 63 61 71 7 5 25 32 57 73 4 26 34 29 86 84 89 55 16 65 38 94 39 17 81 35 18 13 99 40 73 40 54 86 62 61 90 39 44 46 11 99 72 97 27 9 80 67 15 47 32 52 41 22 21 73 56 38 85 6 29 10 45 82 95 59 42 36 97 37 81 59 36 4 55 14 64 34 81 78 81 64 82 73 85 54 97 40 91 34 97 71 95 41 52 41 99 46 76 95 82 8 6 69 64 60 83 27 46 63 57 78 26 90 2 10 43 98 1 33 83 97 55 77 89 6 17 40 3 44 86 37 4 91 5 67 51 39 45 48 1 1 25 78 90 26 39 84 75 91 68 58 39 22 34 28 28 3 19 82 46 4 18 1 47 75 67 97 13 12 44 14 64 20 43 6 45 34 89 19 24 9 76 63 30 62 42 9 16 60 91 13 15 60 14 61 34 80 57 47 43 52 12 59 71 54 16 67 87 56 86 63 64 13 25 94 26 66 2 41 77 44 6 91 4 19 52 37 50 60 83 93 64 46 3 34 52 70 53 90 77 38 52 41 2 28 86 80 45 39 72 21 83 77 12 38 95 15 74 45 26 9 89 89 6 43 75 57 12 27 47 88 16 98 80 17 78 65 96 22 4 20 43 38 96 6 75 91 72 100 35 97 60 75 86 66 17 60 74 28 86 20 15 1 70 47 69 47 11 17 68 66 36 62 55 31 67 81 73 90 33 7 87 92 81 72 9 97 83 83 76 20 54 43 72 75 89 92 73 51 8 41 17 95 54 23 78 73 4 50 62 36 57 48 79 89 71 40 38 5 22 65 24 27 7 47 2 47 39 74 98 98 66 66 93 20 88 70 44 43 19 5 78 27 5 9 68 27 48 5 32 21 21 7 47 28 54 48 26 44 74 23 41 91 40 85 62 28 54 5 70 25 10 100 3 14 8 70 40 55 26 23 75 47 82 73 26 35 73 51 30 46 26 70 88 65 55 50 92 60 54 14 36 63 13 39 28 72 8 20 78 34 94 4 32 75 76 57 61 48 59 90 45 84 12 33 49 18 34 40 77 87 5 13 2 69 51 29 40 10 100 69 95 94 72 26 68 100 34 81 99 93 70 96 76 81 80 76 98 13 16 27 99 72 91 100 41 93 81 32 2 80 1 49 25 24 26 45 23 60 25 74 4 46 69 31 27 48 7 76 12 74 54 10 45 44 62 37 36 42 69 90 73 21 38 50 44 15 94 19 74 70 44 29 15 12 12 93 11 18 69 74 43 74 83 39 18 96 76 5 89 96 46 62 68 35 11 11 50 56 81 75 25 24 4 39 87 67 32 49 36 52 22 78 25 57 16 94 52 43 51 41 90 96 54 57 83 16 20 32 71 52 6 47 28 61 85 14 27 68 15 62 19 88 91 96 44 59 41 48 1 91 88 43 39 93 99 21 8 18 4 30 70 9 76 97 22 60 62 100 80 28 14 98 16 4 45 59 62 86 6 15 28 45 57 66 37 7 38 96 25 41 25 46 2 52 94 75 64 55 74 43 83 87 40 98 43 85 8 4 22 66 70 49 10 26 67 99 33 56 94 9 49 71 6 2 22 99 76 85 53 49 79 87 88 19 36 30 55 44 85 28 61 55 28 70 32 94 20 16 2 66 24 50 36 29 51 9 79 26 46 32 26 24 70 13 94 58 94 100 53 79 27 13 85 55 82 16 100 2 32 1 67 7 2 54 88 4 14 66 29 11 49 7 87 19 71 32 76 65 32 80 95 10 92 79 16 73 94 16 26 77 68 44 84 70 49 23 73 15 88 54 25 37 12 63 7 82 95 34 98 26 13 92 87 4 22 3 28 16 18 6 44 37 49 79 58 50 1 83 64 41 36 40 29 99 3 87 80 97 20 30 74 84 21 60 39 43 62 18 10 31 23 5 68 24 84 25 25 36 7 88 28 94 27 56 92 81 42 24 77 13 53 2 48 25 62 38 19 75 56 80 6 30 37 73 53 20 49 77 7 56 16 35 1 95 42 45 75 36 68 4 48 72 5 48 48 18 85 19 93 92 98
655 424026
542 424539
692 423841
243 424269
380 424028
93 423945
378 424129
398 423990
91 424250
519 424265
262 423775
418 424543
471 424145
864 424101
790 424404
356 424059
733 424527
565 424079
796 423775
894 424249
137 20
75 37 69 42 79 94 84 57 38 29 34 5 83 58 19 54 18 52 69 70 34 85 95 1 22 46 25 32 50 64 71 76 52 39 18 31 84 1 39 21 82 72 77 64 29 96 69 98 99 37 20 32 73 14 84 94 59 61 25 9 24 48 84 28 86 53 58 22 54 96 94 87 67 71 50 47 66 18 96 16 6 15 99 78 29 82 23 39 94 99 47 70 46 83 97 84 35 6 5 40 53 50 26 19 20 27 17 37 96 64 52 53 79 50 82 59 84 4 97 29 55 96 50 100 78 46 35 64 3 91 56 55 41 81 25 12 60
136 9371
131 9382
61 9353
34 9413
118 9343
71 9440
115 9425
53 9425
122 9369
128 9432
67 9386
130 9338
36 9403
104 9367
32 9375
85 9441
7 9392
84 9387
25 9354
90 9449
927 20
23 25 69 92 75 4 10 77 69 25 61 97 95 87 32 68 54 47 17 84 22 58 62 3 8 43 43 91 78 23 19 52 100 87 43 74 42 4 2 10 81 62 58 75 1 89 94 6 36 10 89 9 20 2 11 27 44 5 69 21 79 87 25 78 25 19 4 67 23 5 76 3 19 34 29 19 22 23 76 9 84 64 17 3 65 79 81 60 83 2 33 62 88 57 91 65 75 94 31 49 99 58 3 69 91 32 87 65 54 62 73 89 77 90 92 93 20 24 52 3 77 84 16 17 40 6 81 67 100 11 15 50 20 18 18 11 49 56 27 54 69 51 42 97 92 85 89 12 61 92 14 37 76 29 53 67 86 85 85 85 47 100 86 67 69 55 29 69 62 55 22 82 57 15 78 49 52 18 60 12 10 25 100 37 5 5 55 90 89 40 75 88 91 12 54 11 19 34 79 80 40 52 62 96 18 91 44 69 9 55 32 70 79 32 58 83 88 12 73 28 3 99 15 45 62 20 55 80 53 85 60 44 36 73 40 54 63 35 74 23 90 6 44 20 89 1 3 76 65 27 55 19 77 70 64 38 41 70 18 46 55 29 89 42 1 28 47 15 63 21 90 4 26 33 23 66 86 77 41 50 3 47 20 79 16 83 69 9 5 86 54 59 66 42 52 66 22 99 32 36 19 21 39 96 54 13 61 91 90 53 92 44 99 11 23 67 94 43 75 50 28 28 8 93 21 11 10 94 9 41 29 27 14 19 74 67 32 34 9 21 86 100 64 37 10 38 3 55 80 77 4 59 56 63 3 28 74 64 22 82 5 50 61 18 69 34 36 52 20 96 24 57 95 87 93 4 77 95 11 8 23 14 19 78 29 21 6 54 85 27 87 41 28 47 10 48 33 97 99 4 92 22 60 86 61 53 41 37 99 51 96 22 17 66 51 45 87 8 98 23 86 84 15 14 83 76 61 67 72 60 70 63 33 81 100 93 85 92 81 84 43 77 57 11 42 59 7 80 19 4 54 4 39 20 69 73 95 82 91 66 93 60 80 25 41 31 18 77 23 98 12 17 26 68 27 20 79 33 51 97 88 5 52 78 76 21 3 71 54 93 88 46 53 20 70 45 50 39 73 24 89 85 40 14 52 18 85 82 2 36 30 41 92 82 19 67 54 73 89 7 65 77 4 69 48 25 65 97 64 38 73 52 22 64 17 25 34 54 7 35 89 88 76 80 69 46 98 74 18 87 32 34 63 35 3 10 60 67 58 75 4 82 78 77 46 94 2 31 47 60 65 87 47 92 18 16 89 16 41 58 2 73 92 16 7 46 77 18 64 86 92 20 68 21 96 65 15 97 95 13 56 11 100 3 55 69 70 95 84 10 53 37 34 96 52 93 41 80 10 56 66 54 75 85 74 71 49 40 67 95 5 75 57 56 29 11 24 98 6 8 59 10 44 93 5 48 85 97 27 46 52 44 51 79 28 25 49 28 16 67 74 20 41 31 75 21 41 99 18 98 6 29 7 1 73 63 100 57 59 79 54 63 74 5 41 2 81 89 81 96 7 55 16 100 85 90 20 77 88 38 75 45 18 33 98 90 96 49 46 54 27 51 68 1 55 60 54 35 100 34 31 7 40 46 6 24 87 25 53 27 14 27 71 31 11 20 20 6 69 17 12 47 20 79 99 74 39 52 61 90 38 43 96 77 40 1 53 26 78 5 52 91 83 75 74 93 94 45 51 14 14 62 61 33 92 59 6 82 63 18 72 100 60 67 28 99 20 32 25 49 36 28 91 70 2 64 15 48 61 65 61 74 78 21 6 69 32 63 51 94 81 74 45 40 92 24 39 11 56 15 11 91 42 2 13 96 17 79 43 77 95 55 50 72 28 55 92 59 18 94 4 50 67 100 89 59 23 79 21 78 45 32 21 39 33 33 34 49 63 28 78 57 82 27 28 9 34 19 19 3 13 22 52 31 21 92 89 44 23 10 73 67 93 93 5 25 77 90 25 39 17 2 95 51 81 74 59 14 93 78 68 57 51 19 87 24 62 28 19 84 37 91 3 29 84 59 5 60 49 81 51 17 35 45 67 15 19
276 429804
11 429204
416 429776
730 429376
578 430125
43 429250
758 429877
213 429615
291 429354
913 429819
557 429348
553 430121
121 429724
214 429678
572 429593
155 429365
777 429964
761 429947
434 429565
851 430045
939 20
63 76 42 28 47 86 95 99 13 73 54 51 98 42 40 92 64 25 57 52 28 98 19 45 46 36 80 54 69 71 45 32 98 86 59 97 71 6 95 35 78 100 86 75 94 77 19 57 53 75 61 80 72 31 24 69 67 55 74 35 25 19 18 75 56 77 71 79 82 17 13 59 68 50 85 61 78 55 70 30 29 30 61 53 60 36 73 26 90 99 13 67 69 30 41 76 58 63 54 39 31 19 49 98 20 34 11 98 88 80 79 69 61 40 73 20 75 97 98 65 95 62 83 63 91 75 39 49 89 44 39 19 14 88 68 34 73 78 83 12 57 61 80 69 52 4 89 27 1 38 43 95 99 77 10 41 51 48 89 39 43 28 9 57 67 76 42 39 54 76 2 62 88 82 31 40 37 71 18 37 8 12 32 58 88 93 98 90 40 39 80 34 66 88 42 84 63 83 74 16 10 75 30 98 56 60 89 45 82 58 81 41 69 64 98 8 56 95 49 47 85 28 81 50 15 22 85 77 57 58 45 18 33 26 15 40 85 55 84 66 12 65 6 32 28 55 91 36 1 39 82 86 66 62 87 80 36 72 9 44 29 5 61 61 30 28 1 66 82 36 31 46 100 88 77 80 94 68 15 94 58 48 79 24 62 18 55 97 89 63 92 69 19 52 82 48 31 82 13 13 69 95 10 21 34 38 100 27 57 66 73 15 13 3 38 26 20 92 74 60 7 65 29 25 69 10 25 99 43 37 63 11 84 72 31 17 10 82 96 18 99 68 32 64 70 69 89 42 13 63 1 71 27 29 95 47 90 19 46 32 8 8 95 91 32 25 59 93 59 54 10 57 21 42 20 43 62 9 84 26 71 84 96 49 65 43 96 54 13 93 38 72 52 32 62 83 8 21 27 66 74 37 75 47 78 94 89 91 54 72 17 76 7 64 77 71 6 72 77 71 16 14 42 67 45 4 2 52 76 28 70 1 16 44 47 93 89 87 36 43 58 4 18 17 67 46 87 25 69 15 95 84 28 36 3 24 91 4 28 18 83 97 19 99 92 17 43 80 4 78 74 13 81 44 29 100 89 68 24 58 82 70 41 10 5 95 85 48 98 12 17 33 8 35 31 51 4 25 83 7 3 56 19 35 99 48 86 40 67 9 97 48 78 89 9 35 84 94 34 33 5 50 65 65 37 47 15 40 72 97 46 26 5 16 12 55 15 98 94 81 58 42 29 88 31 37 74 66 82 59 50 87 8 67 51 96 13 17 35 36 66 32 13 70 48 25 24 14 74 70 95 83 11 75 22 93 63 95 10 45 5 60 83 13 26 85 60 90 1 95 26 18 78 90 87 77 14 63 91 39 84 37 74 46 63 95 39 25 42 100 21 46 59 3 10 36 87 70 26 40 16 3 57 45 92 44 22 58 58 64 48 41 52 21 38 14 68 76 38 61 28 59 58 38 13 68 74 100 89 51 39 56 5 95 100 96 90 73 5 99 88 5 91 39 77 29 4 44 56 94 56 83 4 14 21 16 81 46 67 21 96 5 28 100 52 79 47 93 4 4 44 91 8 34 82 36 62 37 32 70 30 87 52 33 100 24 49 32 69 15 52 16 72 31 67 75 10 14 67 13 69 10 3 28 96 36 63 9 73 94 78 54 81 30 87 32 5 87 64 74 53 67 89 24 98 56 50 7 21 69 71 89 30 25 68 25 61 30 34 85 24 11 38 56 92 76 87 97 62 2 22 15 69 10 90 18 17 40 76 37 8 46 77 37 70 96 62 82 26 47 66 1 9 56 8 1 31 94 49 93 48 22 7 16 83 48 85 100 87 60 88 94 5 17 31 26 12 44 8 37 90 25 89 50 80 96 2 11 42 50 55 89 23 13 56 6 60 40 5 47 51 44 92 55 60 74 80 72 17 39 60 58 64 1 8 95 48 61 57 89 11 11 29 85 75 84 90 87 75 94 85 25 90 76 31 49 2 63 72 70 1 32 28 16 84 87 11 31 47 67 20 9 30 100 94 4 84 35 90 10 29 74 35 70 2 17 18 3 79 90 72 80 73 51 47 56 89 57 38 88 24 9 48 5 9 41 8 44 28 50 53 56 75 39 25 76 56 94 30
217 441084
474 440401
341 440758
256 441043
137 441306
205 440834
298 440618
697 441305
209 441196
65 440609
563 441123
618 440526
327 441176
63 441046
434 440443
173 440718
158 440723
603 440833
242 440473
748 440953
953 20
85 19 100 96 45 51 68 16 9 82 62 68 1 67 1 11 96 62 75 71 1 77 80 92 48 47 39 81 80 78 86 64 96 86 12 93 88 79 60 48 12 74 15 13 40 67 23 88 29 49 10 81 78 41 24 25 87 63 57 67 40 43 82 88 80 93 32 67 23 91 66 35 64 32 47 4 98 21 91 78 21 52 58 98 92 82 74 78 96 31 96 87 73 78 74 4 22 5 70 45 48 87 31 11 18 77 14 15 49 56 93 69 7 2 19 50 35 92 28 82 74 75 69 98 4 94 1 26 51 22 22 98 8 52 8 25 80 74 92 28 81 36 48 40 37 18 89 24 10 68 5 83 43 73 33 46 19 33 23 69 55 44 66 14 47 25 39 26 50 30 5 31 17 53 70 53 70 58 76 31 78 33 66 20 5 98 17 23 82 92 43 88 35 60 2 82 85 40 59 34 21 64 16 89 68 85 41 89 95 69 20 72 1 37 43 57 86 11 32 67 2 74 55 89 34 56 70 70 47 28 55 19 43 71 7 10 7 99 99 53 19 70 76 71 58 18 80 43 81 11 61 82 36 15 70 21 22 91 90 20 71 45 38 13 67 96 75 73 47 25 26 65 46 1 88 3 71 67 97 51 29 57 84 64 72 54 85 45 96 26 65 66 22 54 31 88 2 5 61 48 29 38 64 74 90 51 28 60 69 24 62 97 80 46 13 3 51 49 48 46 26 64 64 48 69 94 35 70 98 47 69 78 84 33 3 74 35 30 85 56 53 99 4 32 96 16 87 46 16 34 43 42 49 6 89 17 99 75 39 48 22 7 25 57 91 27 82 78 8 67 33 60 65 88 44 60 56 30 57 71 15 99 64 63 57 52 31 55 79 69 3 100 28 79 56 18 58 38 47 65 56 79 25 72 19 20 83 74 49 91 44 63 89 8 77 45 11 7 52 89 28 6 40 55 84 48 24 41 37 71 6 92 1 82 15 19 1 97 92 1 87 88 63 27 47 91 24 9 49 27 98 76 32 89 82 67 36 6 8 72 28 65 15 80 98 81 99 50 29 42 50 67 81 64 46 79 54 69 88 2 47 37 30 78 25 11 44 13 68 3 36 95 19 3 75 68 83 25 17 12 18 66 30 51 29 75 29 34 43 16 36 89 52 65 18 29 27 14 93 95 68 28 41 39 30 67 6 65 91 23 28 61 40 57 11 21 32 91 54 26 7 41 67 10 57 84 90 36 49 82 30 17 62 70 55 91 37 12 7 79 86 34 91 26 43 1 98 74 92 3 51 50 96 17 11 52 53 1 87 53 34 68 69 95 90 75 38 78 87 44 56 24 30 47 49 72 99 98 97 42 1 99 43 96 68 54 99 20 6 38 24 39 57 93 34 46 19 71 23 57 66 31 81 95 77 81 18 27 79 66 69 31 65 11 78 32 16 28 3 21 65 26 60 74 70 45 19 89 67 94 97 84 24 77 79 52 10 48 30 88 66 50 70 30 13 47 13 28 74 15 49 91 92 60 16 62 56 86 2 74 79 98 57 54 27 87 57 88 35 87 75 100 88 96 81 100 94 93 28 19 59 28 9 50 39 76 63 94 62 64 67 40 14 23 46 92 10 2 79 96 40 5 47 28 100 27 27 93 71 6 11 29 33 72 30 71 99 93 16 60 8 34 52 21 57 97 64 18 50 42 65 90 46 11 69 97 89 47 41 59 53 4 39 85 27 68 8 25 12 23 85 20 57 36 92 65 84 56 34 33 97 50 74 95 60 42 43 100 89 84 10 41 39 48 77 65 67 84 41 79 59 25 50 67 12 41 83 95 96 16 28 45 65 1 91 76 95 33 27 83 68 36 75 6 83 3 22 1 39 63 31 97 39 80 15 51 21 97 97 16 64 24 12 80 77 2 7 23 35 33 5 54 68 31 12 2 33 33 2 71 47 85 19 86 64 33 36 84 81 84 52 44 8 63 75 36 17 81 58 51 13 14 56 32 44 67 33 28 100 87 99 46 71 69 31 34 2 18 70 34 2 73 78 61 35 4 48 51 85 57 53 49 70 61 81 65 27 13 92 26 51 42 24 21 11 6 7 64 76 28 97 29 100 26 41 86 30 40 89 66 96 93 14 17 53 94 33 80 59 76 57 9 18
401 454076
881 453991
361 453754
624 454305
261 454267
514 454230
456 453831
230 453704
710 454468
937 453812
108 454360
463 453938
153 454461
438 454274
481 453984
490 453701
31 454284
399 454191
172 454513
548 454268
955 20
3 99 40 10 48 63 52 14 33 39 93 19 31 70 37 1 53 31 28 49 41 39 25 35 86 93 70 50 78 100 5 33 98 97 42 45 59 45 10 44 36 3 62 66 24 99 66 77 81 94 77 73 32 1 7 69 45 29 18 75 28 23 59 26 19 52 22 29 96 32 72 31 86 86 48 9 36 14 37 16 59 13 88 42 66 95 62 62 23 80 36 2 54 46 79 24 97 1 4 93 84 28 75 21 13 75 29 100 40 18 15 98 30 2 91 47 48 4 61 22 83 96 24 88 94 54 11 90 54 67 82 89 94 9 9 58 83 38 57 22 7 71 71 88 24 13 35 72 16 95 45 51 42 20 38 35 74 1 77 79 19 10 68 12 18 76 69 52 65 25 25 71 47 95 59 70 59 45 93 27 91 90 77 84 9 66 71 34 18 47 13 36 56 32 47 26 59 67 29 76 91 54 46 89 100 56 59 11 52 3 37 94 92 13 78 53 78 100 86 48 46 50 83 53 81 30 30 92 48 59 67 39 64 64 79 15 72 37 25 23 92 61 17 35 25 46 87 55 45 25 2 42 74 84 46 7 65 76 98 13 86 16 3 49 79 81 63 50 70 40 25 61 100 93 95 77 38 34 31 34 58 32 75 31 67 20 89 32 47 86 96 32 1 98 32 32 78 47 81 99 86 5 59 37 97 6 13 86 39 95 71 96 78 45 78 45 17 67 28 15 4 23 47 57 20 30 88 49 76 68 48 13 25 58 50 73 63 14 59 53 61 29 100 38 26 78 82 94 44 61 8 99 83 6 55 54 36 42 55 63 62 54 76 38 11 77 10 26 90 20 78 50 1 30 40 78 7 73 23 2 34 82 100 68 88 7 74 75 100 28 37 61 81 64 50 91 40 60 68 82 31 98 83 83 27 22 60 33 95 82 86 80 64 85 47 3 91 20 29 43 99 17 3 79 81 5 22 20 16 89 53 46 86 36 29 12 9 40 96 3 74 81 34 89 18 81 91 60 52 71 2 51 87 57 29 67 61 2 39 76 91 43 73 76 78 53 40 87 93 87 41 18 68 27 6 37 59 48 96 10 18 98 12 56 54 93 23 66 94 13 41 36 55 13 12 85 18 3 23 10 89 15 79 8 41 84 44 99 83 40 61 52 89 24 7 94 16 81 59 62 45 51 97 52 15 60 36 32 62 10 93 3 24 71 10 65 6 6 15 88 97 27 91 85 51 50 30 66 30 88 79 27 90 76 78 4 35 65 88 49 74 80 51 97 51 12 13 8 69 80 48 65 6 38 49 56 39 30 74 21 69 52 47 58 79 76 14 14 40 1 14 13 32 16 61 34 79 26 42 48 5 89 12 62 78 13 70 17 42 43 37 63 46 35 20 77 10 85 42 49 37 55 13 69 70 73 2 48 98 95 47 54 35 11 16 65 23 85 81 16 79 69 78 76 3 50 52 64 34 93 12 71 47 24 91 68 48 92 68 46 39 14 99 73 24 66 37 98 50 69 66 28 89 95 56 43 44 7 6 30 52 69 52 50 44 42 18 92 85 37 89 75 50 39 100 26 5 36 75 54 57 92 34 97 87 89 40 82 47 97 63 98 18 14 48 61 7 17 52 44 53 92 18 2 31 17 79 35 5 6 40 13 97 25 9 35 65 100 17 12 49 79 61 66 45 8 26 3 24 30 46 76 21 64 30 51 32 60 37 36 65 29 48 14 5 9 48 70 8 64 33 56 95 93 21 91 53 99 93 76 28 91 4 100 54 85 3 85 44 91 21 61 19 20 74 76 28 73 97 88 37 29 43 83 73 16 73 77 66 17 5 45 7 8 44 12 44 46 97 87 37 69 99 7 40 24 82 68 97 30 55 85 58 49 67 83 16 91 59 81 59 63 25 66 22 21 29 65 18 77 4 54 97 2 13 37 78 46 56 74 76 62 10 85 62 76 19 78 18 78 10 28 92 87 45 14 7 74 30 24 50 33 30 47 87 94 35 64 91 42 89 66 3 98 3 16 25 21 45 94 50 55 21 94 93 66 59 51 39 88 26 40 21 7 38 59 100 24 22 91 65 62 8 19 11 62 35 35 35 79 80 36 85 100 29 77 17 87 79 7 75 5 47 47 11 84 5 63 60 78 53 24 39 12 43
59 456070
204 456481
405 455939
686 456469
864 456136
546 456014
877 456212
201 455596
953 456481
816 456275
377 455654
55 455967
171 455839
808 455597
827 456416
163 455584
517 456125
938 455570
940 455823
9 455643
972 20
4 51 6 18 1 45 57 7 83 95 24 56 84 2 36 3 85 91 59 31 41 68 2 66 10 84 2 18 12 81 42 16 32 99 85 84 43 93 91 77 87 14 32 23 15 19 25 99 10 35 29 50 2 30 67 64 13 21 81 25 53 22 92 84 20 28 68 14 20 10 43 59 23 74 33 37 93 9 88 54 95 16 55 49 98 73 12 62 45 92 38 98 65 29 81 84 8 100 49 80 61 91 38 83 17 22 72 61 30 59 14 24 26 20 72 23 92 83 85 37 26 22 34 90 3 66 25 10 18 74 89 78 16 78 13 32 99 84 92 80 42 57 4 19 76 27 42 20 10 78 8 87 51 93 77 53 10 1 15 79 26 55 57 42 33 21 25 83 4 69 15 97 77 18 15 5 96 8 24 57 85 83 44 36 75 20 40 36 72 54 15 50 61 23 43 93 43 67 27 98 87 41 46 64 10 60 68 6 68 43 62 4 25 5 91 51 76 31 86 100 36 52 49 96 74 91 40 68 57 19 65 96 59 10 59 21 22 26 26 41 68 39 96 92 96 87 94 71 69 31 70 4 83 70 52 8 60 43 76 69 61 92 64 72 2 22 92 75 99 69 15 66 59 10 9 54 48 2 77 16 32 98 72 66 68 75 74 79 17 1 47 78 92 10 1 45 83 44 19 81 64 85 46 22 47 6 28 94 59 4 62 43 53 33 8 20 7 33 99 75 33 97 4 25 59 4 21 41 47 92 74 10 76 71 84 74 77 11 68 35 66 29 77 18 13 37 90 71 69 88 45 2 36 49 78 94 4 98 87 3 41 12 64 17 82 47 90 10 57 9 97 22 89 25 92 53 61 81 23 30 20 20 83 55 68 12 1 23 9 39 25 50 50 89 18 83 35 59 93 44 20 89 17 8 13 8 61 26 88 83 55 7 2 89 14 21 100 14 44 60 4 20 61 53 8 78 35 95 89 79 90 8 67 58 15 32 18 27 57 5 62 63 64 15 51 29 36 50 94 31 9 97 2 22 49 62 51 35 8 39 14 97 46 80 6 13 63 23 91 71 80 52 33 95 67 83 23 54 84 16 36 45 12 89 66 12 50 16 46 57 7 59 5 4 91 63 16 53 85 59 24 64 10 56 58 28 91 32 33 26 47 20 70 10 9 87 21 58 55 67 67 61 25 23 64 15 85 32 20 70 90 95 85 99 2 95 79 92 26 11 70 25 31 91 34 39 78 55 48 84 73 66 44 49 89 59 16 73 90 35 94 31 29 31 82 30 25 60 74 2 22 43 26 52 33 12 42 62 18 42 45 90 7 40 38 47 99 53 72 40 39 65 71 19 47 52 49 71 63 74 25 84 68 2 88 52 13 29 14 30 22 10 71 29 50 61 75 100 65 46 39 4 63 61 22 9 64 22 32 26 95 56 10 14 57 97 66 22 77 79 3 99 88 74 79 89 34 5 88 98 3 79 53 65 91 75 25 55 48 56 80 43 63 41 56 72 37 73 93 66 51 95 16 91 20 94 31 53 50 71 3 52 49 55 16 39 81 93 45 29 48 25 23 63 65 30 34 54 3 78 19 5 24 86 95 44 31 78 48 80 48 50 32 48 57 99 38 37 91 83 65 91 7 87 53 23 69 38 76 71 15 46 75 38 31 22 33 61 99 81 41 46 82 24 45 38 22 82 75 13 64 91 3 22 30 7 45 98 44 20 68 10 66 94 99 96 15 32 9 65 64 1 62 45 24 6 83 45 88 9 9 3 51 63 25 80 69 69 29 64 40 48 73 5 42 72 53 8 3 13 73 66 13 34 62 36 40 44 32 79 4 41 81 55 55 57 86 76 25 15 39 65 62 12 21 55 83 25 63 37 89 35 54 1 20 15 88 11 59 20 89 14 12 22 68 66 78 6 41 3 20 80 19 81 43 91 88 77 68 50 13 56 36 66 9 55 80 96 66 90 15 6 56 78 27 75 44 5 80 36 59 99 67 77 32 61 19 19 37 38 68 49 94 55 66 2 9 98 49 26 39 64 32 94 93 58 69 36 62 48 24 20 99 42 48 30 3 19 48 39 56 67 88 1 21 5 54 81 2 3 7 41 18 38 86 10 47 54 98 9 54 21 80 52 62 28 81 16 46 80 55 53 98 94 54 70 98 7 2 52 61 8 44 78 97 29 88 44 35 37 4 40
909 472308
835 472833
346 472776
454 472448
78 472671
500 472396
497 472254
468 472213
235 472234
161 471951
553 472479
265 472050
685 472747
824 472236
720 471920
622 472531
250 472703
86 472592
278 472648
718 472832
