10
100 20
96 46 11 23 59 49 31 45 88 87 53 31 73 46 30 55 99 11 15 13 96 71 93 30 61 52 4 39 19 54 58 67 99 21 89 10 21 19 54 8 57 58 90 81 3 72 35 1 82 1 13 29 71 57 59 31 8 14 21 27 67 78 93 18 50 33 27 71 3 32 30 59 89 72 39 91 43 25 43 24 25 7 4 47 63 14 77 70 28 97 48 46 26 40 63 28 72 41 98 74
72 4972
84 4991
50 5029
50 4959
98 5007
67 5029
50 4980
68 5039
84 4955
34 4988
44 4970
61 5029
73 4976
1 5007
16 5001
70 4964
28 5046
47 4973
27 5003
21 4975
21 10
88 98 93 10 17 57 45 65 90 60 60 22 20 33 94 94 33 90 61 34 59
18 220
20 214
19 213
10 215
1 217
12 220
8 222
17 225
17 220
4 222
11 20
51 82 46 45 27 31 34 88 64 44 87
2 58
8 66
11 64
8 56
10 56
10 56
4 62
1 60
3 59
2 62
4 61
5 56
3 66
10 66
8 64
4 58
1 56
8 58
1 65
8 59
964 20
56 64 98 76 3 34 46 71 32 29 89 11 58 4 17 16 3 13 90 98 44 37 50 9 2 52 54 92 72 18 56 27 81 6 2 83 39 100 53 71 28 94 33 37 97 1 5 51 14 94 48 57 82 97 17 83 48 23 26 71 40 34 49 21 39 3 3 29 2 8 99 81 1 32 70 49 32 74 99 97 19 47 53 1 95 22 35 43 44 13 65 83 46 14 3 36 16 58 64 69 65 63 49 65 46 18 65 29 43 63 26 62 61 30 14 56 3 100 50 46 12 14 81 9 27 35 44 94 92 8 62 8 22 63 24 19 32 88 47 75 3 24 88 63 6 53 18 8 4 19 54 68 33 86 76 11 20 72 57 64 79 18 23 52 80 47 70 12 86 68 38 88 92 77 51 97 81 20 4 84 39 9 51 23 46 27 33 66 50 89 81 28 59 3 31 90 49 100 53 87 67 42 74 10 18 24 58 98 44 14 82 34 22 84 56 68 62 40 85 11 29 17 38 39 19 68 28 20 19 33 6 38 74 79 47 44 55 5 41 50 18 74 83 91 58 38 10 71 77 46 82 57 62 71 47 81 91 27 100 9 59 57 46 32 87 45 75 41 49 68 90 18 93 24 60 2 13 70 73 90 67 54 98 29 24 97 61 14 23 60 75 81 68 20 64 54 64 91 47 64 10 36 33 2 12 93 4 24 14 76 65 80 29 15 60 4 11 20 18 33 31 92 13 98 63 28 4 79 18 50 94 27 37 79 81 48 23 84 72 88 11 88 67 91 2 79 94 12 98 63 44 29 6 8 78 21 36 81 99 5 30 44 84 19 22 64 66 44 99 89 83 61 77 50 51 78 80 96 90 77 59 33 57 16 93 87 36 80 67 86 84 49 30 19 67 3 34 84 99 84 73 81 44 49 82 94 78 61 90 67 90 100 52 46 15 96 32 3 75 51 88 10 51 69 29 17 72 14 52 70 98 24 2 93 24 84 39 54 44 28 20 33 79 23 31 45 18 14 47 92 64 87 2 14 55 82 82 78 47 34 99 44 9 1 89 85 84 27 38 79 6 57 64 84 32 46 80 1 59 79 93 23 65 46 88 71 79 70 1 25 55 99 21 63 51 9 47 34 35 36 65 40 93 80 75 76 25 54 76 35 32 20 9 48 65 97 71 95 18 71 20 72 21 40 86 72 48 85 57 82 20 73 73 64 52 47 39 28 100 67 63 84 86 71 83 3 19 5 97 36 27 16 59 48 7 45 19 54 29 27 87 48 100 59 12 3 57 2 31 9 68 45 44 6 67 26 8 86 83 56 21 9 24 80 56 30 76 26 36 4 5 22 3 4 33 14 58 41 68 88 49 35 84 92 40 51 70 99 36 4 55 8 12 78 87 20 7 62 97 42 17 1 16 20 56 100 85 14 92 52 53 41 87 37 84 78 87 5 77 22 8 83 29 72 60 68 91 18 81 87 12 98 40 79 17 95 78 1 60 69 5 13 61 43 49 97 20 87 1 48 8 61 82 88 32 41 7 74 11 88 12 22 37 51 100 5 98 29 5 57 49 9 69 10 51 69 58 23 55 10 22 14 22 4 54 5 96 60 78 6 99 42 27 87 44 26 91 41 6 48 50 55 56 70 16 59 39 73 33 45 82 6 11 4 9 64 8 5 75 38 62 26 79 89 12 22 66 3 15 72 50 16 26 57 85 41 67 75 65 51 20 98 57 30 53 65 45 13 21 19 50 83 96 80 23 8 53 88 10 19 59 11 34 36 67 19 28 86 93 92 36 64 90 92 45 42 9 89 54 81 60 55 15 55 34 37 62 39 77 23 57 35 33 91 23 52 61 50 37 5 42 24 69 83 68 13 76 76 54 30 8 13 36 23 67 22 11 81 60 87 3 16 74 88 58 96 39 18 45 27 75 38 2 43 72 69 7 48 96 12 29 4 24 64 26 43 85 36 23 96 75 25 64 48 64 21 43 54 91 39 32 65 29 34 59 100 2 17 99 98 29 27 1 4 43 78 46 79 65 68 75 39 45 38 38 8 10 80 62 52 71 93 68 99 78 26 98 80 95 49 29 23 75 81 26 69 10 24 48 74 91 74 65 87 63 54 95 24 34 8 76 4 52 43 2 30 21 51 61 15 99 89 89 26 21 66 46 30 41 45 55 32 18 71
694 464287
265 464363
232 464657
667 464240
305 464820
81 464405
316 464406
716 464391
355 464972
400 464668
700 464547
517 464202
657 465002
634 464924
564 464480
34 464837
403 464961
933 464497
515 464495
432 464312
123 20
52 96 81 49 63 96 11 33 3 66 28 30 86 69 86 98 54 96 42 8 29 55 94 86 31 87 4 82 62 82 7 14 29 87 14 44 82 76 76 36 41 4 65 78 72 50 76 77 98 17 84 26 23 78 64 53 16 67 35 78 1 93 43 81 80 56 24 61 31 52 49 24 7 13 1 30 63 76 6 60 44 89 37 66 18 52 71 34 71 57 63 23 49 5 3 28 12 79 41 42 30 89 65 88 1 18 17 15 45 74 26 41 62 63 6 32 14 28 17 36 36 79 58
10 7576
70 7586
85 7581
121 7599
38 7533
68 7582
78 7605
31 7614
120 7571
113 7552
4 7612
3 7550
30 7509
40 7558
74 7609
111 7624
111 7570
43 7555
22 7586
100 7525
935 20
15 100 36 39 26 51 55 77 91 64 90 45 30 85 12 75 97 67 56 38 32 73 14 8 6 86 75 46 45 16 33 11 16 69 49 93 19 56 22 61 71 63 5 52 47 16 26 95 35 82 85 18 54 50 25 11 35 51 56 32 67 89 94 34 57 95 78 27 50 99 87 72 61 91 23 60 58 48 6 44 29 90 61 35 91 86 45 26 36 1 9 54 41 2 39 49 96 17 75 97 15 13 20 28 3 42 39 12 42 44 56 70 86 68 56 76 53 1 53 41 53 13 94 45 67 33 93 14 1 19 11 67 31 82 94 85 24 84 96 65 28 3 86 65 71 42 92 75 94 45 15 98 9 61 42 75 45 34 89 45 52 51 63 34 32 57 18 55 40 65 71 19 20 57 83 42 50 75 16 95 71 83 92 79 95 33 54 91 18 94 35 21 44 49 54 75 5 71 82 97 87 52 67 6 60 2 47 61 76 15 55 98 49 46 28 43 30 81 33 99 74 19 19 69 67 72 44 24 94 25 72 81 28 38 86 40 39 85 100 66 51 55 15 99 52 43 41 34 75 25 32 1 43 51 69 61 22 12 84 16 88 55 48 68 45 85 7 35 69 6 53 19 60 67 69 64 9 9 97 84 85 28 84 79 78 52 40 52 16 75 67 55 30 14 22 26 98 28 60 19 34 12 89 45 31 58 8 39 18 56 74 3 84 9 81 61 13 72 64 80 47 30 34 28 95 56 53 45 35 64 15 20 28 3 65 58 12 24 48 30 80 74 84 15 34 16 27 46 88 91 77 34 72 11 13 19 18 65 63 4 80 29 24 7 83 40 16 95 15 16 76 46 89 11 60 74 26 87 20 65 29 48 50 100 58 62 18 27 78 32 31 58 60 6 16 43 97 32 89 11 99 64 57 87 74 68 60 51 6 31 16 34 79 65 86 88 79 3 67 56 87 49 13 46 54 81 40 2 12 28 12 10 43 20 48 16 88 59 67 45 42 34 31 72 50 16 59 28 70 77 84 56 25 48 54 30 28 45 31 91 25 95 52 67 14 99 83 53 10 1 98 51 34 80 22 35 95 32 63 16 9 98 24 85 45 77 67 73 73 97 15 97 43 67 64 57 65 98 61 26 50 58 76 35 37 49 69 83 81 31 99 41 28 22 77 25 50 43 97 22 92 11 71 34 29 86 42 46 83 3 71 32 60 47 66 49 95 34 83 27 17 81 67 96 54 44 20 3 38 16 77 29 79 99 63 7 84 56 4 18 58 75 49 18 21 66 18 67 51 52 94 19 33 12 15 38 7 34 41 45 2 69 25 32 19 39 90 2 95 94 19 52 68 19 21 88 36 90 6 86 42 99 5 74 63 71 11 69 4 3 65 5 23 90 36 41 28 26 94 22 19 64 26 38 34 46 25 69 36 82 7 77 33 63 2 95 33 64 15 36 19 80 93 93 21 28 34 48 5 79 22 75 43 47 12 28 44 88 97 31 70 55 7 2 17 60 96 1 24 62 36 94 41 28 86 61 8 19 61 12 50 34 39 44 32 50 71 75 38 19 6 59 73 64 60 41 76 7 41 99 68 77 92 61 56 29 73 15 100 33 79 49 18 17 92 49 66 14 76 55 33 33 13 57 96 24 98 23 30 38 21 50 66 64 62 74 93 34 88 92 19 18 92 36 34 35 85 52 48 60 58 32 44 71 41 91 46 38 14 28 27 86 77 45 50 38 70 94 23 9 37 41 27 80 77 60 14 13 63 13 24 21 97 67 43 37 57 88 26 70 15 4 56 43 48 57 32 69 50 55 78 38 95 4 69 23 15 82 35 30 46 58 2 42 24 44 30 33 83 55 2 50 59 57 92 58 13 76 27 14 30 56 3 76 11 71 99 25 4 85 6 50 95 7 43 70 50 73 2 85 79 4 34 89 60 77 47 25 52 25 90 33 80 93 9 90 15 59 66 19 95 72 20 89 30 62 59 32 86 60 16 65 63 1 53 75 77 51 51 81 75 40 65 6 84 25 47 99 83 65 17 30 36 88 18 17 49 76 48 35 88 63 51 2 63 55 28 92 6 30 24 32 70 88 38 5 13 36 3 47 100 71 76 87 10
241 436802
14 437448
61 437461
890 436765
22 437412
790 437475
316 437053
56 437485
626 436816
757 437460
894 437418
785 437097
518 437155
499 437551
29 437489
345 437312
870 437223
443 437543
519 437183
853 437041
917 20
2 35 58 25 93 80 22 82 23 7 60 71 56 25 73 4 90 97 79 42 31 47 96 75 39 53 63 43 27 97 60 81 84 70 57 76 49 78 57 24 37 68 94 44 44 66 99 34 62 77 75 45 75 22 19 66 27 82 8 53 30 20 85 13 41 41 88 89 71 96 64 7 15 57 2 59 74 1 92 36 29 18 32 4 91 50 21 17 31 28 22 61 99 58 25 39 99 13 80 69 60 43 27 75 52 80 33 25 32 76 12 61 45 43 16 35 93 36 4 75 15 77 87 14 34 12 4 84 76 83 52 35 78 30 9 29 10 93 53 41 20 65 53 64 7 68 51 51 55 6 26 70 82 64 35 67 75 90 51 2 73 54 37 2 84 45 30 45 90 34 37 9 98 90 25 57 9 75 59 16 80 36 37 13 100 71 31 26 12 33 28 84 87 64 37 22 60 66 66 49 100 54 58 49 43 82 57 4 8 16 19 39 51 55 3 50 77 33 76 88 66 55 24 4 18 60 25 29 78 42 78 29 95 87 77 90 20 86 93 27 1 63 17 51 69 19 53 97 51 80 36 68 34 11 71 3 23 95 31 100 36 8 80 83 94 8 72 65 93 64 91 93 78 7 96 46 77 48 94 28 27 29 95 60 40 66 62 62 12 44 13 100 52 92 82 97 99 53 62 92 16 4 84 45 63 79 90 39 78 83 18 4 63 13 15 2 30 28 15 41 72 27 40 75 18 21 23 17 25 36 8 92 92 43 36 54 74 77 44 51 11 62 7 74 26 73 75 7 1 90 99 24 68 91 50 86 11 72 2 88 8 61 79 99 55 15 4 28 91 99 31 2 12 89 27 89 61 53 95 13 42 94 88 62 84 37 47 46 9 100 33 68 60 12 18 14 78 73 94 20 71 76 73 35 64 99 23 24 52 18 37 45 63 24 6 46 13 52 43 73 3 76 92 14 39 9 80 68 33 73 87 55 48 12 89 63 10 12 86 61 81 74 58 43 50 63 40 62 67 34 86 69 9 77 83 99 85 14 18 69 86 57 23 85 68 64 47 77 27 84 90 7 58 47 1 59 61 92 72 79 25 57 48 86 33 82 36 69 95 54 37 32 62 11 68 29 74 14 57 100 49 46 58 58 44 10 16 57 1 87 35 78 95 34 63 27 15 50 47 61 55 83 44 16 94 11 44 19 76 1 19 25 98 76 34 42 86 50 50 38 88 84 15 83 18 29 61 84 31 8 97 85 42 40 1 87 3 96 6 78 96 24 54 46 51 88 39 88 89 88 26 76 71 92 10 88 73 23 24 3 30 20 39 23 59 39 10 61 35 15 91 82 90 44 79 40 83 17 28 71 4 5 99 27 48 8 66 72 82 89 26 11 8 65 86 19 3 95 31 89 9 21 23 50 17 1 89 99 70 68 22 25 24 20 51 24 79 69 95 61 57 21 23 17 85 8 87 39 2 17 80 62 90 54 11 6 54 52 56 75 71 77 100 95 48 50 18 27 18 12 87 27 84 9 95 68 17 81 59 70 49 90 84 38 43 46 95 48 49 3 23 20 31 22 14 79 23 83 5 93 46 43 19 30 3 65 49 71 45 7 41 45 96 76 83 90 73 29 38 22 83 60 93 14 81 6 44 55 40 100 47 85 42 17 14 44 81 63 15 25 21 7 70 69 34 4 58 58 84 95 79 67 6 23 32 38 80 75 93 19 26 39 4 67 56 17 62 88 31 28 65 4 34 34 72 19 89 81 77 24 28 7 42 33 30 25 71 9 51 63 28 76 53 31 94 60 99 56 48 82 83 12 85 69 97 8 87 37 88 15 12 15 22 54 100 51 78 70 11 81 84 38 56 36 20 50 48 71 5 95 52 39 58 36 7 54 43 46 42 30 60 53 97 33 6 96 83 36 17 94 16 100 83 23 87 55 72 34 25 28 80 76 67 37 11 25 42 53 22 83 34 34 36 82 66 93 29 1 28 45 46 95 96 28 70 35 82 41 20 58 21 100 33 87 88 43 63 30 47 37 12 33 70 47 14 35 92 43 87 71 39 32 66 87 12 35 21
449 420343
696 420257
455 420705
194 420074
642 420408
618 420628
529 420845
290 420460
100 420006
456 420359
223 420001
213 420385
731 420788
577 420067
901 420253
858 420471
295 420267
162 420017
835 420411
800 420207
933 20
95 87 10 30 58 69 86 27 42 28 39 9 57 69 67 18 17 62 41 2 78 57 14 85 27 73 34 32 68 62 17 62 48 78 91 57 47 28 35 40 55 73 1 64 42 19 81 10 80 73 11 57 30 77 93 8 49 27 39 16 40 8 29 39 85 71 48 31 98 82 23 4 55 75 67 48 93 99 9 24 72 71 81 53 47 25 60 47 3 51 62 94 58 90 33 42 12 32 25 9 13 47 13 19 21 31 18 65 30 26 88 53 49 20 5 95 45 64 42 99 66 55 93 23 97 77 17 8 8 41 69 72 39 33 91 59 63 60 75 44 38 62 96 86 82 100 32 78 16 25 76 33 32 68 56 28 44 24 87 3 64 55 75 2 87 17 12 2 28 86 45 65 99 41 2 80 92 34 57 59 58 33 92 89 52 99 68 48 22 7 50 37 61 76 90 100 44 1 1 72 38 45 88 88 37 90 68 81 23 76 39 32 60 82 73 12 80 92 11 53 98 12 89 11 88 78 10 83 30 62 6 19 58 94 7 95 35 74 75 9 1 65 40 61 47 64 24 26 56 34 79 5 45 67 15 84 97 24 19 26 37 24 45 95 69 51 89 3 76 15 11 28 79 3 88 25 66 63 3 73 96 81 78 93 99 92 76 95 68 94 73 4 70 69 98 38 71 38 93 98 52 55 25 83 57 65 7 75 27 9 47 75 41 76 67 92 68 42 38 87 88 10 90 57 78 40 46 100 77 90 97 81 45 22 63 53 86 21 27 64 30 26 38 22 1 4 13 20 98 51 6 37 60 48 45 90 87 42 89 15 32 86 47 76 59 61 80 96 82 7 59 11 84 49 32 84 4 45 4 53 47 61 89 6 8 85 47 46 27 88 13 10 25 11 85 83 72 64 78 53 22 88 63 5 36 46 41 92 42 96 44 88 56 85 46 16 69 44 13 47 31 77 56 55 88 40 37 59 56 66 11 29 6 25 86 41 70 26 32 64 21 28 3 28 12 48 95 80 92 8 27 74 84 34 29 71 26 17 81 33 83 91 61 88 15 46 80 37 23 64 100 95 91 2 23 54 2 17 85 93 76 63 66 12 97 46 34 22 63 15 54 97 5 66 84 20 12 15 8 86 30 7 81 20 60 55 25 61 23 10 5 99 72 23 10 20 68 95 41 82 9 94 78 14 60 13 85 23 28 92 60 57 50 40 29 61 94 5 22 17 14 78 67 38 52 28 57 72 22 98 53 31 43 83 96 54 95 32 28 74 23 88 83 24 27 63 84 73 67 57 41 81 87 7 70 38 34 26 9 7 75 14 89 18 96 84 71 42 15 99 68 89 38 50 12 64 64 48 36 30 56 28 62 42 34 31 32 19 9 92 26 83 57 14 100 4 98 23 46 64 73 13 53 10 14 16 25 77 15 13 6 71 40 20 64 74 2 47 44 10 91 69 93 47 35 44 51 84 18 48 47 42 12 51 51 25 19 28 1 33 40 58 55 79 77 71 4 31 69 48 40 59 68 84 58 2 80 60 85 97 7 84 39 18 34 41 42 52 68 94 37 59 51 91 90 80 13 93 62 82 92 53 40 12 37 49 13 16 8 50 64 66 85 54 35 18 95 28 22 14 21 10 73 24 52 62 55 65 6 16 46 50 68 37 61 56 86 25 23 45 26 39 11 10 92 45 80 38 73 53 52 93 62 76 68 13 89 74 29 94 89 74 95 9 11 55 16 48 32 39 92 9 77 2 19 20 99 50 58 71 2 61 15 15 36 35 79 24 8 8 69 49 33 16 57 95 22 72 42 53 62 86 62 90 39 32 10 37 33 19 59 34 79 74 100 66 60 30 41 67 37 9 15 22 76 23 16 98 95 10 50 8 95 63 98 33 46 7 22 78 25 80 63 55 5 62 20 64 44 60 31 32 20 97 53 96 20 69 93 66 78 94 73 72 9 70 56 54 28 77 32 4 57 94 58 61 8 77 77 51 88 7 82 60 55 87 55 74 55 99 39 84 44 12 55 52 33 62 6 61 39 37 16 47 82 74 7 41 2 35 43 90 41 77 49 48 63 55 21 17 5 12 100 48 75 6 100 7 67 5 19 57 93
481 435172
362 434869
348 435599
742 435087
15 435048
554 434931
50 435598
642 434886
890 435386
434 435159
494 434997
781 434927
47 435296
282 435605
76 435635
401 435503
617 435297
118 435095
180 435199
308 435517
928 20
97 51 31 84 50 38 40 16 50 58 34 61 51 56 71 2 97 37 71 95 47 27 47 82 93 12 36 20 20 50 49 69 100 31 52 1 20 43 17 21 53 50 81 3 5 3 4 54 39 26 100 85 4 98 67 97 9 54 16 28 3 16 48 54 46 52 55 66 94 71 86 46 72 19 100 28 21 55 81 12 33 80 96 36 29 14 32 37 67 100 17 69 15 64 75 61 15 29 78 61 51 15 58 22 85 10 1 6 64 34 17 96 65 64 32 94 78 15 30 44 14 46 65 29 62 39 41 76 19 70 88 69 84 98 42 21 7 94 26 22 27 94 18 92 57 1 85 86 67 14 30 81 60 46 61 21 36 53 48 54 22 88 74 57 85 67 77 91 60 54 12 87 47 81 78 56 33 62 41 100 27 22 32 38 67 92 10 2 44 58 7 17 97 80 73 81 46 50 23 6 3 86 44 2 67 21 57 51 34 97 2 60 19 33 98 37 76 7 39 71 16 97 87 64 77 60 44 74 61 18 31 15 4 74 16 22 46 24 24 31 73 26 91 91 58 40 27 34 98 17 4 66 14 43 29 42 54 25 15 14 42 98 80 97 71 48 70 69 71 94 99 43 19 41 85 76 32 64 61 30 80 17 47 45 59 75 86 12 99 53 77 93 50 56 89 72 3 59 40 26 4 91 68 22 31 5 97 15 68 10 44 47 26 90 44 36 16 29 47 15 33 23 59 82 78 99 6 33 9 97 58 12 87 77 33 70 81 82 84 48 43 79 47 68 20 90 3 35 70 1 1 3 23 59 36 52 10 93 84 18 90 93 30 28 70 14 97 2 47 32 50 89 10 96 56 29 37 10 16 6 10 16 60 84 27 48 36 36 40 71 53 29 16 34 57 85 48 5 86 94 37 87 35 98 82 90 27 70 52 42 76 13 9 87 97 35 34 84 70 26 6 75 54 21 8 62 57 7 19 95 53 55 81 87 52 15 28 30 84 79 23 11 44 32 98 40 66 31 75 88 56 80 62 62 1 69 75 57 76 93 3 80 99 84 66 3 98 93 84 33 72 7 44 15 38 41 6 55 23 80 42 31 11 3 44 63 24 70 72 51 15 74 30 13 57 95 67 6 87 51 39 10 57 82 76 46 22 33 100 96 64 42 78 75 44 21 37 67 91 8 17 5 34 46 69 90 40 36 96 79 38 34 40 94 15 16 91 88 48 90 35 64 31 13 38 27 33 26 93 75 86 62 31 19 59 100 60 51 87 55 29 76 40 68 21 6 35 11 45 35 100 80 98 83 92 35 9 76 12 53 3 97 14 33 67 73 84 27 23 22 81 3 97 73 70 17 78 57 27 23 91 79 2 88 61 45 74 69 72 85 21 74 34 35 59 52 59 94 78 33 16 11 35 12 83 56 81 12 12 59 34 2 37 87 41 97 83 14 17 7 51 90 80 36 24 90 87 34 84 17 66 51 79 100 14 61 55 94 24 19 53 10 20 41 48 13 90 31 26 6 37 28 95 68 63 70 10 2 55 93 18 20 43 48 71 56 8 78 2 83 96 6 92 67 46 40 79 87 22 57 93 10 84 39 77 99 61 38 100 15 30 69 87 24 16 9 32 75 86 85 9 33 90 1 100 87 92 30 74 65 86 18 74 22 8 2 20 68 40 71 35 21 91 73 45 58 81 28 32 67 12 92 99 1 92 50 39 35 32 64 99 17 81 24 38 41 26 9 60 65 31 94 37 21 66 81 78 47 60 61 65 71 53 15 23 96 65 62 31 48 77 81 64 10 5 54 50 82 14 9 46 45 55 82 65 72 15 95 70 74 55 86 97 7 1 19 55 17 32 85 64 61 17 79 70 73 84 19 54 98 79 51 42 85 85 58 57 99 52 78 24 59 64 72 65 64 43 71 32 26 55 95 86 24 25 55 96 9 73 50 6 4 100 99 88 36 8 96 34 60 74 10 70 37 33 34 52 75 5 35 1 11 81 86 86 5 93 34 13 17 83 70 20 34 20 8 70 28 3 55 39 28 16 8 16 49 93 67 75 49 53 75 12 33 13 97 38 5 30 2 21 64 24 93 50 95 52 71
294 430503
309 430889
242 431000
135 430604
449 430489
48 430390
844 430885
574 430686
289 430295
76 430403
502 430844
619 430435
689 430579
358 430459
633 430536
296 430131
371 430229
390 430445
884 430309
136 430653
986 20
83 71 3 3 64 81 55 21 8 48 82 65 42 67 89 12 93 10 76 21 5 13 3 24 62 70 36 86 86 91 24 68 13 78 22 76 59 76 48 18 75 29 82 17 96 70 28 40 31 3 60 87 15 15 11 29 36 98 14 73 88 89 41 1 67 62 28 77 90 76 94 64 4 28 32 51 49 11 42 32 13 2 18 80 68 28 8 3 25 73 76 65 13 68 65 79 81 44 7 22 19 1 38 75 80 69 77 28 80 19 11 44 72 29 75 39 8 34 93 85 6 20 1 71 39 17 49 20 60 8 93 79 60 30 5 39 51 81 18 82 99 81 25 70 9 100 60 68 33 5 4 91 24 4 61 15 20 61 34 32 68 78 10 79 8 14 17 58 46 87 39 45 67 15 66 27 66 26 46 99 30 50 41 5 5 53 19 77 65 4 8 33 82 69 63 41 34 80 50 79 18 88 75 36 54 41 62 20 18 59 70 99 8 62 55 65 14 74 41 78 29 100 62 62 68 25 2 53 56 51 31 73 90 58 60 44 98 21 15 67 79 84 17 39 97 71 55 10 96 47 87 25 46 1 86 65 25 40 17 32 90 99 56 32 56 15 27 53 35 41 71 65 76 87 55 72 58 9 33 53 55 19 29 52 71 15 16 95 54 84 26 95 83 33 26 38 47 52 43 81 44 13 98 71 100 4 42 9 13 74 61 19 45 90 23 15 56 38 62 61 22 39 7 56 72 33 93 18 36 35 51 32 48 100 2 99 3 96 7 67 21 19 86 17 60 8 84 67 97 45 27 70 35 34 25 6 18 70 76 5 4 26 88 3 25 90 1 79 37 59 46 9 78 31 26 89 90 9 56 38 53 34 60 87 67 36 45 36 5 20 93 9 97 80 11 73 21 64 51 57 22 96 18 51 78 43 40 19 51 95 57 55 28 68 93 47 3 89 34 8 8 26 68 4 6 30 28 26 93 79 35 15 74 52 17 4 46 56 22 96 2 30 2 82 97 46 80 100 35 13 59 94 39 26 50 96 55 77 73 48 55 59 14 81 62 30 84 7 38 57 54 39 87 55 72 83 53 51 34 87 64 92 80 54 17 29 49 24 6 73 71 12 32 36 92 93 65 27 52 2 84 5 93 22 12 64 56 64 67 90 2 82 33 81 35 2 62 35 25 67 59 95 30 90 30 22 35 46 100 86 100 35 42 44 56 5 59 64 20 25 5 21 6 37 54 92 38 15 78 14 33 37 8 62 78 89 35 12 87 35 49 86 21 91 29 29 47 87 92 67 64 96 87 21 84 40 13 74 6 90 87 38 78 47 52 56 87 86 67 73 72 68 10 93 10 90 21 56 29 12 22 44 59 61 64 94 52 76 19 58 18 58 95 95 4 98 50 42 84 69 67 55 88 28 47 97 70 19 4 98 82 78 41 92 38 4 86 89 32 56 98 49 13 45 95 68 42 97 62 25 17 28 32 4 55 30 52 24 49 7 73 30 84 65 74 73 21 11 14 52 66 11 52 79 7 46 98 49 94 59 25 10 86 56 65 93 86 68 68 86 75 93 67 58 57 40 83 77 50 96 80 16 58 31 46 65 29 43 13 22 2 37 84 39 45 48 83 30 68 3 15 42 95 81 51 3 21 33 80 22 28 11 37 86 42 82 50 22 77 14 95 78 50 78 68 94 78 3 75 45 5 41 38 51 74 88 53 94 21 84 15 100 95 4 85 88 85 86 9 61 99 3 90 1 33 10 46 62 12 21 6 68 61 43 18 34 82 70 79 2 6 46 2 52 49 38 39 85 76 99 98 74 53 39 26 85 100 72 46 63 92 3 30 4 97 47 38 79 69 68 32 26 65 85 77 13 23 15 50 98 65 99 23 17 89 49 54 89 20 99 51 63 54 81 66 2 79 55 32 99 75 64 24 39 48 52 4 22 18 53 71 82 3 46 99 91 46 52 79 65 2 82 79 7 62 44 9 92 51 92 43 25 55 18 63 55 70 18 28 87 22 51 21 24 96 19 67 41 22 45 57 75 78 35 34 39 30 94 83 80 85 25 56 92 42 71 46 63 88 25 50 10 75 22 85 22 40 51 62 13 96 70 39 73 4 24 64 86 17 98 65 54 74 73 45 15 43 42 30 30 66 31 91 93 52 76 14 43 26 28 55 73 49 45 98 5 69 13 90 37 10 6 90 83 78 34 49 72 75 78 2 93 8 44 37 11
675 485868
649 486093
67 485763
65 486188
302 486430
76 486192
394 486279
972 486033
716 486200
925 486328
857 485830
145 486324
923 486540
776 486417
502 486226
715 485714
103 486512
390 485734
908 486435
275 486369
