100
5 5
768 831 292 166 76
196 866 531 500 625
912 596 725 250 837
575 997 103 979 373
125 930 728 994 390
3 3
626 590 620
65 434 760
318 24 536
10 10
546 35 479 785 228 512 220 452 323 521
344 474 570 115 100 470 480 48 330 185
943 624 515 974 122 75 483 57 790 551
104 857 529 817 703 214 927 748 951 840
695 304 737 623 250 223 559 833 539 899
999 631 561 21 72 610 321 273 472 263
590 528 593 920 599 488 151 151 703 684
778 282 36 828 560 477 429 634 308 894
623 741 385 214 216 851 229 913 733 85
698 625 248 457 427 716 441 85 645 86
5 5
714 86 389 595 365
406 522 406 218 374
916 888 445 102 962
257 512 851 824 483
447 653 37 176 902
3 3
384 926 839
553 160 536
174 507 173
10 10
971 983 405 794 205 295 113 602 168 269
504 372 94 256 585 246 328 557 491 854
433 359 961 143 346 755 767 820 2 943
46 611 251 899 899 292 500 483 528 394
965 215 980 73 319 791 1000 326 209 165
890 405 698 252 576 81 922 489 278 617
624 783 13 586 279 338 795 395 322 159
326 207 946 255 880 30 524 850 797 43
790 589 928 864 297 359 628 108 415 434
930 192 914 482 825 328 900 281 164 8
5 5
749 185 611 126 857
138 209 884 232 46
852 954 589 503 882
477 229 392 992 718
466 114 22 139 901
3 3
242 662 24
642 105 381
727 970 351
10 10
558 991 382 871 887 927 19 841 48 433
173 236 132 902 68 150 971 58 240 822
457 113 119 109 178 685 813 24 88 798
546 435 952 366 782 854 541 369 223 317
731 565 388 291 646 77 644 467 955 130
204 639 647 976 484 773 470 262 330 308
299 428 840 341 930 966 468 976 277 611
158 423 911 859 689 622 569 794 651 989
227 21 519 206 297 313 307 953 775 72
338 513 112 560 392 890 986 388 899 284
5 5
349 461 105 120 489
244 551 586 467 829
863 347 850 444 500
886 568 103 925 780
109 912 507 829 128
3 3
743 775 907
944 325 316
730 575 621
10 10
230 647 578 25 752 281 794 98 773 712
897 896 453 684 328 320 800 803 12 16
585 546 699 969 322 173 632 872 35 260
385 610 300 676 393 159 509 626 251 178
591 560 279 655 677 403 108 934 342 512
887 275 378 452 425 653 130 176 832 564
308 961 618 899 671 141 280 559 906 716
794 572 620 61 120 424 608 225 344 719
548 578 162 111 218 388 741 668 624 872
516 927 722 301 987 299 740 384 13 157
5 5
21 237 729 981 336
389 653 424 834 961
465 168 119 358 425
63 385 422 430 487
141 717 617 954 23
3 3
782 989 3
907 654 332
898 583 996
10 10
878 248 159 192 432 223 602 436 847 569
575 57 38 564 926 922 572 212 15 587
14 914 240 46 935 760 751 690 426 381
201 146 938 198 600 125 688 590 895 247
748 771 185 919 65 236 102 745 898 437
806 898 8 966 390 42 904 627 144 988
982 389 840 995 239 901 351 359 794 929
394 840 890 742 182 494 965 964 913 121
303 696 877 920 886 509 107 854 781 960
446 565 27 714 423 702 427 741 381 190
5 5
221 197 339 773 137
225 16 956 995 633
202 975 78 67 874
831 579 499 760 599
307 816 215 482 885
3 3
43 64 281
367 317 910
232 18 524
10 10
106 282 631 108 793 500 25 955 534 749
427 376 433 857 122 500 149 863 764 38
112 767 202 96 789 143 536 855 213 761
601 798 930 766 198 616 154 186 540 574
129 810 952 881 878 626 142 685 385 148
145 485 265 433 881 419 388 4 436 333
904 503 362 261 175 41 222 885 45 493
958 723 669 967 608 510 473 107 12 993
443 856 537 642 320 35 501 683 808 314
457 434 127 344 538 449 189 700 379 308
5 5
566 711 760 100 523
850 953 761 522 240
118 821 744 126 489
55 631 485 24 115
686 835 821 30 200
3 3
695 683 658
450 71 490
460 144 123
10 10
839 939 285 549 431 1000 73 412 466 663
14 717 46 907 275 495 416 372 705 922
201 202 581 556 607 328 640 310 67 307
109 952 13 123 626 387 10 366 460 761
778 59 350 329 207 694 750 991 334 80
438 263 912 207 373 554 454 502 419 289
67 136 187 945 571 799 839 198 101 887
843 520 385 273 474 44 877 658 847 680
539 860 390 668 898 513 70 341 868 725
171 861 914 827 294 673 321 930 868 516
5 5
721 16 363 317 320
59 645 465 623 854
440 932 959 862 310
538 581 675 342 402
425 741 790 957 956
3 3
597 213 283
413 767 362
777 400 504
10 10
63 879 357 177 588 266 51 183 909 205
274 765 673 59 587 308 82 705 866 847
612 71 804 142 252 71 985 229 554 287
139 282 388 913 115 639 558 982 287 947
609 522 128 612 562 518 105 845 188 495
835 729 139 590 430 461 450 359 606 71
321 314 597 330 108 443 163 542 423 40
514 235 26 767 113 632 728 884 607 843
623 937 59 865 485 235 44 774 812 921
432 710 930 820 99 79 233 406 396 515
5 5
666 224 517 205 567
935 415 389 997 708
510 695 117 773 780
765 267 989 147 400
583 376 485 657 678
3 3
991 818 920
139 479 410
616 269 908
10 10
348 532 652 23 408 64 582 1000 508 999
745 611 934 451 691 403 236 317 400 750
763 323 269 756 814 668 82 805 704 726
646 308 673 175 189 504 738 607 718 790
76 189 490 702 817 651 298 372 235 139
321 498 605 927 982 571 784 745 826 145
671 52 72 949 481 28 561 467 459 711
626 776 168 133 319 413 672 898 901 391
683 795 231 24 470 710 784 874 700 324
149 661 198 804 392 681 352 485 849 274
5 5
535 128 429 765 801
481 598 589 579 642
230 961 92 559 593
642 829 702 784 51
339 142 469 921 995
3 3
999 797 879
169 448 973
835 967 458
10 10
391 595 189 13 614 17 322 24 109 469
314 707 888 247 493 921 770 470 341 500
177 625 228 924 571 567 430 4 662 288
364 232 779 474 701 241 152 576 301 346
974 241 427 341 248 804 642 740 334 940
976 593 423 279 954 741 268 770 70 594
18 320 757 845 489 941 490 76 136 560
773 112 624 696 686 797 485 505 898 672
875 638 434 166 816 361 615 358 811 921
99 398 255 870 777 226 562 667 591 119
5 5
295 148 337 495 812
483 477 228 245 435
409 979 486 287 874
490 975 763 921 394
242 136 158 992 825
3 3
601 545 33
554 932 252
712 126 769
10 10
405 716 347 982 605 617 817 618 189 1
939 795 364 93 344 118 437 415 363 62
41 445 710 607 964 508 637 815 381 89
756 257 790 181 838 681 277 399 851 98
391 557 608 773 441 567 50 720 207 152
480 115 606 562 867 103 990 868 818 607
613 990 445 425 154 203 87 432 462 437
788 614 928 584 261 890 597 879 950 870
34 887 28 866 355 600 720 734 36 279
717 152 601 456 747 321 13 992 47 628
5 5
751 831 958 216 376
954 9 732 458 333
822 627 968 711 716
858 717 215 102 66
574 843 350 142 320
3 3
921 816 719
231 402 697
951 970 651
10 10
562 194 623 119 482 47 524 419 13 298
687 439 847 847 702 257 460 878 184 746
970 358 851 145 977 968 80 603 948 525
246 210 980 691 153 65 538 573 545 187
27 148 273 353 175 480 450 835 277 633
122 85 962 998 327 503 408 330 616 911
892 820 751 347 997 875 307 253 625 987
517 765 648 471 709 217 59 350 199 983
912 408 265 152 335 870 176 966 456 932
587 443 388 990 363 586 533 566 600 799
5 5
123 254 692 813 731
870 134 905 71 941
469 269 322 354 446
639 588 428 191 387
740 134 780 96 984
3 3
872 442 935
902 646 278
160 797 223
10 10
310 947 82 944 610 337 44 681 466 789
149 847 853 584 834 358 402 255 861 671
699 685 263 886 680 970 186 580 484 215
767 716 230 23 871 959 446 833 103 594
638 324 135 552 533 46 518 250 539 869
918 251 222 338 388 272 98 318 255 581
491 688 922 942 464 685 521 430 797 578
371 42 220 220 697 913 807 251 804 462
561 64 818 519 359 336 116 22 873 375
858 622 231 799 314 224 255 54 223 813
5 5
975 8 178 776 944
132 189 33 348 465
524 960 593 624 701
328 321 355 377 448
280 761 430 522 67
3 3
469 618 96
17 155 187
896 662 934
10 10
822 77 56 692 420 284 81 122 748 839
521 990 104 609 340 660 74 837 272 973
707 282 238 215 80 554 261 939 561 469
256 347 987 258 629 925 702 718 380 396
793 751 32 539 39 406 892 635 641 679
642 533 73 602 800 216 842 119 391 770
44 691 353 105 64 330 891 79 573 722
973 430 83 408 593 547 842 939 342 419
159 243 471 899 210 924 760 629 317 255
707 621 323 210 410 23 66 514 595 90
5 5
631 597 565 423 628
658 357 626 172 141
579 804 937 151 866
670 6 633 138 356
312 577 665 719 921
3 3
192 587 351
65 609 792
524 849 638
10 10
288 427 349 403 543 892 828 297 682 152
237 344 451 626 266 283 19 860 234 844
80 878 873 862 925 485 802 582 659 870
839 856 595 736 759 498 463 760 997 150
960 34 128 556 273 275 657 294 23 501
887 444 604 950 258 381 655 176 270 120
44 927 183 747 140 424 590 252 291 516
201 517 231 319 638 920 342 949 684 828
739 41 622 143 580 972 469 481 426 288
518 254 747 953 523 370 844 259 821 261
5 5
935 706 723 896 439
278 178 759 403 643
557 253 404 618 92
434 290 351 333 797
649 780 844 761 337
3 3
646 865 584
661 283 801
504 784 63
10 10
542 739 928 904 396 803 415 503 412 686
659 883 874 291 102 95 437 366 17 97
863 840 39 539 887 480 46 806 438 441
709 385 587 590 102 86 225 938 242 40
526 717 29 62 531 8 292 679 151 489
869 243 451 312 592 530 847 838 665 657
551 20 860 542 957 506 991 203 515 465
389 721 840 903 694 883 225 278 143 296
816 702 764 670 493 519 960 284 349 337
655 991 354 961 782 886 743 257 736 982
5 5
226 392 645 883 47
13 618 125 739 879
132 798 35 95 142
451 438 848 558 894
856 137 230 800 407
3 3
673 42 786
129 335 59
783 504 235
10 10
848 473 898 794 97 208 957 417 943 253
740 590 86 729 468 736 575 53 39 559
242 342 663 434 601 963 254 919 280 884
664 767 801 37 449 559 597 557 904 571
640 15 280 97 706 937 697 75 551 937
972 202 819 170 83 906 306 236 374 798
347 444 614 461 327 406 851 951 874 856
284 615 60 19 207 530 568 270 580 636
415 197 109 992 904 384 847 228 905 376
771 360 377 643 541 756 762 190 511 868
5 5
941 134 58 379 988
850 931 554 394 152
263 63 341 827 421
977 840 538 955 863
219 529 651 354 998
3 3
568 281 119
521 169 270
920 614 343
10 10
242 911 626 21 470 680 465 637 221 414
890 168 334 640 728 335 145 929 391 864
934 139 260 96 300 244 501 127 342 317
585 580 666 86 44 474 112 383 7 717
838 334 287 794 648 428 866 550 352 694
437 880 336 958 966 737 813 102 70 197
728 936 906 728 731 931 369 839 133 323
380 321 249 739 746 70 235 108 379 91
430 545 842 679 858 479 695 908 965 14
619 523 254 469 506 836 853 575 437 487
5 5
135 626 469 831 670
120 36 995 891 960
213 692 912 107 140
418 623 862 952 759
566 201 338 657 755
3 3
683 398 542
473 144 742
89 372 890
10 10
548 349 684 539 439 541 829 56 954 116
670 79 570 581 550 459 641 26 458 623
650 243 772 259 377 769 934 825 586 613
516 767 573 456 499 467 991 108 446 160
256 14 964 11 493 405 559 177 810 299
58 987 438 840 107 511 207 649 121 610
289 866 151 493 555 559 955 379 352 851
317 419 206 983 154 606 350 488 767 599
866 396 725 511 745 731 135 608 962 27
580 98 142 87 54 523 9 691 202 716
5 5
986 253 700 505 737
498 530 983 918 233
218 590 270 910 982
375 53 768 607 939
207 215 102 54 447
3 3
121 968 586
663 444 490
351 142 679
10 10
992 211 26 786 620 540 311 527 319 69
311 380 507 489 530 602 696 321 717 601
100 346 801 815 96 131 299 2 230 494
494 493 393 996 656 469 201 231 342 881
669 794 547 580 5 882 500 75 896 29
764 197 215 878 518 617 298 127 617 266
483 748 738 858 961 267 269 583 244 516
435 247 680 654 918 763 692 820 630 64
811 699 250 628 49 867 821 631 328 845
72 371 503 338 492 731 376 479 554 835
5 5
290 570 828 658 504
664 745 931 546 41
286 873 420 466 693
945 602 62 889 773
852 763 115 626 430
3 3
365 173 493
787 867 104
910 622 73
10 10
402 92 306 452 312 60 770 257 765 969
284 75 154 524 746 758 980 262 541 78
512 962 657 378 457 305 889 457 353 618
765 387 294 229 322 978 401 12 378 647
978 33 538 527 396 458 104 332 870 242
532 990 918 512 431 843 418 364 889 441
527 551 965 662 822 325 681 651 785 162
20 447 622 771 377 349 179 755 699 417
921 694 535 360 383 902 39 843 923 907
507 569 221 78 405 365 202 243 721 159
5 5
740 519 837 213 99
492 154 897 310 79
776 550 528 289 271
379 318 999 610 451
843 646 177 100 666
3 3
257 909 188
252 44 833
591 509 11
10 10
52 472 514 908 812 873 428 488 938 356
371 535 355 863 87 874 120 838 920 581
503 663 443 168 20 768 596 252 501 332
964 102 86 955 954 529 948 945 908 809
259 118 499 368 928 30 454 991 156 731
995 316 720 504 428 417 671 301 134 987
466 866 597 830 974 192 726 853 941 210
907 813 826 323 941 250 603 532 424 259
300 517 185 43 582 992 811 684 882 286
425 37 359 803 316 885 557 327 576 488
5 5
600 403 32 481 328
290 863 497 652 583
222 938 930 658 192
930 601 38 629 875
315 189 372 615 276
3 3
629 689 134
34 654 874
992 884 746
10 10
265 854 409 996 636 515 919 285 582 248
289 744 663 776 23 436 115 496 409 878
478 874 345 154 944 27 848 983 172 192
880 949 69 677 325 771 17 586 25 10
54 374 365 519 60 284 476 22 5 974
938 73 354 348 666 398 823 628 454 912
629 757 284 441 385 723 304 889 650 215
28 579 629 95 783 950 630 877 805 942
221 956 635 576 798 552 515 64 139 183
349 170 606 421 520 458 700 425 549 699
5 5
528 896 586 298 135
178 686 175 97 557
387 39 296 751 594
192 92 549 474 509
797 893 512 757 336
3 3
590 278 624
720 619 316
577 665 313
10 10
936 696 955 309 903 362 356 705 390 641
194 367 856 346 604 1 227 396 528 993
549 44 520 913 633 762 496 631 746 86
634 242 69 917 399 551 163 339 631 182
484 615 842 650 270 688 123 876 574 111
765 654 166 329 358 235 245 77 861 390
979 96 458 710 493 365 904 459 155 358
558 65 875 113 493 240 613 113 52 270
461 792 584 21 147 676 503 162 9 224
804 643 715 945 322 117 540 433 273 200
5 5
914 80 915 581 7
920 333 520 363 347
892 818 235 698 359
812 256 306 484 888
848 118 647 251 495
3 3
677 548 351
457 224 825
765 733 752
10 10
938 722 816 842 355 867 557 826 750 732
209 886 810 812 459 761 877 308 986 317
687 153 489 539 569 814 592 788 942 445
480 167 120 786 635 294 824 727 12 854
853 702 990 141 23 609 907 461 991 752
720 104 336 505 637 80 928 726 635 444
624 579 691 133 531 305 803 430 413 23
680 377 517 402 821 391 7 753 125 946
914 574 124 243 712 570 304 613 834 488
914 714 261 6 947 436 511 54 154 217
5 5
78 347 436 52 541
676 205 360 838 72
686 72 665 499 903
805 43 410 607 703
597 384 663 304 438
3 3
983 330 315
390 229 414
643 150 493
10 10
709 28 383 513 324 777 930 410 939 960
360 985 151 233 363 858 714 89 506 870
67 415 49 203 476 34 741 964 964 648
399 190 279 915 535 665 957 152 194 223
244 339 114 480 424 217 925 77 4 866
560 137 806 725 148 55 345 337 592 830
989 704 144 342 218 94 2 843 773 808
645 64 721 720 115 117 131 90 156 570
320 656 313 582 797 553 904 413 324 269
822 523 941 970 736 743 150 734 815 878
5 5
747 64 58 657 43
995 493 955 681 988
71 35 51 919 456
936 920 708 161 693
437 764 340 270 518
3 3
285 337 497
467 12 780
865 591 498
10 10
941 245 779 491 640 762 50 71 945 570
604 746 379 1000 226 598 438 240 184 484
769 404 522 668 202 103 909 427 704 70
348 173 218 356 430 520 351 688 320 180
338 538 668 852 486 19 34 171 817 25
725 599 416 747 951 763 224 947 929 504
697 203 818 911 470 207 113 421 83 168
61 699 673 712 278 27 288 592 438 578
361 862 84 495 970 761 730 139 736 725
321 742 634 306 242 183 411 568 771 401
5 5
431 344 364 718 914
505 88 588 614 370
569 86 114 564 720
418 97 255 47 403
841 723 309 857 671
3 3
776 217 630
258 899 742
122 659 524
10 10
590 326 805 39 846 164 975 357 688 143
411 471 337 516 904 520 870 142 813 807
293 741 120 852 52 655 389 427 326 935
851 239 89 48 38 339 110 849 126 843
433 106 178 448 743 684 354 96 575 921
249 628 277 780 594 410 970 514 532 44
892 923 279 392 599 301 13 431 825 544
861 812 53 181 199 60 630 555 730 418
451 880 699 705 530 448 855 949 803 949
201 955 324 41 989 846 319 43 155 202
5 5
777 703 957 571 387
479 77 836 492 892
581 984 924 991 993
902 699 363 820 698
848 264 914 161 236
3 3
936 139 189
841 508 536
546 165 232
10 10
260 898 580 18 180 687 937 772 27 632
903 41 505 186 252 551 727 115 183 510
567 839 173 431 648 449 551 562 767 268
691 312 432 538 539 36 176 20 467 314
330 139 637 401 934 976 249 98 197 461
167 11 892 917 460 596 217 397 655 78
633 673 976 824 933 893 76 790 475 746
389 404 328 346 136 802 602 123 546 175
903 233 121 936 719 914 316 452 968 187
634 391 872 922 128 768 272 892 244 810
5 5
119 950 112 859 118
609 297 343 69 257
478 92 790 328 597
902 334 534 893 300
137 21 73 320 234
3 3
417 678 476
492 159 674
844 674 535
10 10
299 436 73 856 932 224 672 484 915 112
652 459 302 101 616 449 930 1000 511 923
735 557 819 555 126 948 502 21 945 621
466 503 106 793 631 169 754 836 775 234
697 946 842 472 980 259 921 344 31 915
953 497 430 65 495 666 90 887 661 552
629 582 994 966 662 984 606 807 691 562
842 593 692 6 688 129 284 154 27 19
215 840 599 897 199 269 975 152 51 391
601 870 844 593 173 830 445 787 399 654
5 5
302 365 980 333 1
706 262 193 194 907
136 630 547 136 4
989 32 409 764 77
880 319 508 796 900
3 3
335 81 50
510 653 977
719 412 340
10 10
140 761 101 559 730 628 574 667 29 512
82 589 830 13 728 287 304 964 374 511
783 216 530 10 243 350 1 623 264 310
520 629 445 451 715 232 741 420 396 816
975 946 492 718 563 195 322 65 131 38
869 191 991 261 332 46 527 665 587 999
997 34 980 207 263 483 709 643 8 188
216 930 912 132 129 107 425 771 869 287
60 284 849 752 192 584 329 519 188 999
207 598 110 999 84 474 196 367 810 310
5 5
661 620 668 775 426
924 151 499 508 17
194 833 464 308 530
123 517 943 773 544
699 456 437 451 866
3 3
408 141 80
808 539 216
827 934 948
10 10
621 122 372 896 889 869 44 979 106 966
332 364 222 664 803 190 238 985 59 90
988 321 796 200 570 129 770 32 803 980
684 964 346 846 259 918 97 211 58 952
869 918 380 76 508 447 225 418 62 153
801 934 530 180 271 145 816 197 902 273
885 892 215 871 76 741 314 284 396 693
21 743 42 506 443 246 872 565 965 894
99 485 422 460 658 946 214 338 587 47
368 94 714 737 833 390 518 984 451 526
5 5
515 965 502 442 26
526 174 381 67 412
513 846 124 547 532
145 488 821 802 996
589 786 963 815 37
3 3
569 585 172
153 981 354
640 822 723
10 10
391 534 891 209 144 374 94 634 410 338
920 804 939 273 171 341 717 770 674 440
734 463 185 649 987 327 201 765 929 128
636 355 847 367 536 671 755 667 282 73
619 365 239 271 381 49 952 239 871 450
319 96 947 335 64 675 409 545 73 268
556 893 378 720 154 927 934 654 277 968
737 555 544 489 384 40 741 922 98 395
419 727 349 76 102 96 700 32 800 632
143 233 75 687 960 377 414 317 553 805
5 5
531 339 611 608 686
203 998 939 520 134
575 67 703 168 681
739 794 732 46 395
673 137 518 37 759
